step 1 energy 0sum_moved [0, 0.929, 0.887, 0.891, 0.892, 0.858, 0.891, 0.897, 0.912, 0.904, 0.898]
step 2 energy -114sum_moved [0, 0.929, 0.887, 0.891, 0.892, 0.858, 0.891, 0.897, 0.912, 0.904, 0.898]
step 3 energy -122sum_moved [0, 0.929, 0.887, 0.891, 0.892, 0.858, 0.891, 0.897, 0.912, 0.904, 0.898]
step 4 energy -128sum_moved [0, 0.929, 0.887, 0.891, 0.892, 0.858, 0.891, 0.897, 0.912, 0.904, 0.898]
step 5 energy -134sum_moved [0, 0.929, 0.887, 0.891, 0.892, 0.858, 0.891, 0.897, 0.912, 0.904, 0.898]
step 6 energy -138sum_moved [0, 0.929, 0.887, 0.891, 0.892, 0.858, 0.891, 0.897, 0.912, 0.904, 0.898]
step 7 energy -130sum_moved [0, 0.929, 0.887, 0.891, 0.892, 0.858, 0.891, 0.897, 0.912, 0.904, 0.898]
step 8 energy -128sum_moved [0, 0.929, 0.887, 0.891, 0.892, 0.858, 0.891, 0.897, 0.912, 0.904, 0.898]
step 9 energy -120sum_moved [0, 0.929, 0.887, 0.891, 0.892, 0.858, 0.891, 0.897, 0.912, 0.904, 0.898]
step 10 energy -130sum_moved [0, 0.929, 0.887, 0.891, 0.892, 0.858, 0.891, 0.897, 0.912, 0.904, 0.898]
step 11 energy -144sum_moved [0, 0.929, 0.887, 0.891, 0.892, 0.858, 0.891, 0.897, 0.912, 0.904, 0.898]
